8.00	685	699
7.90	685	696
8.00	685	700
7.94	683	695
8.00	686	699
8.00	682	699
7.90	686	696
8.00	685	699
8.00	683	696
7.88	686	700
8.00	682	697
7.88	686	697
8.00	684	698
8.02	684	696
7.84	685	698
8.02	683	697
7.88	685	698
8.00	685	701
7.96	684	696
7.88	685	698

Data Set #1
7.96	684	697
7.88	686	698
8.00	684	697
Not a valid command
7.88	684	697
8.00	684	697
7.90	684	701
8.00	683	699
8.00	687	698
7.88	685	697
8.02	684	697
7.88	684	698
8.02	683	698
8.00	687	698
7.88	685	697
8.02	684	697
7.96	684	696
7.88	683	698
8.00	684	699
7.88	686	698

Data Set #2
8.00	685	699
7.90	684	699
8.02	686	697
7.88	685	697
7.96	683	696
8.00	684	697
7.88	683	698
7.96	685	697
8.02	684	697
7.90	683	697
8.02	683	697
7.88	683	698
8.00	684	697
8.00	685	698
7.88	684	699
8.00	685	696
7.88	683	699
8.00	684	697
8.00	687	699
7.84	684	697

Data Set #3
11.78	451	472
11.72	449	473
11.84	448	476
11.72	449	477
11.74	448	475
11.86	448	476
11.74	449	477
Not a valid command
11.74	449	476
11.74	448	477
11.84	449	471
11.78	449	472
11.84	448	476
11.86	449	476
11.78	446	476
11.84	444	476
11.78	449	475
11.72	444	477
11.84	444	476
11.74	450	477

Data Set #4
11.78	450	477
11.68	449	477
11.86	448	476
11.78	449	478
11.72	444	475
11.84	445	477
11.68	448	478
11.86	448	476
11.72	451	476
11.72	445	475
11.90	446	477
11.72	449	478
11.86	449	471
11.72	450	473
11.72	448	476
11.86	450	476
11.72	449	477
11.86	449	475
11.74	450	477
11.74	448	476

Data Set #5
11.60	450	477
11.72	448	476
11.86	450	476
11.74	449	477
11.84	448	476
11.74	449	478
11.72	448	476
11.84	450	475
11.72	449	477
11.86	448	476
11.72	450	479
11.72	449	476
11.84	445	475
11.74	444	477
11.84	448	477
11.74	449	476
11.74	449	475
11.86	449	475
11.74	450	476
11.84	451	477

Data Set #6
16.76	311	341
16.94	313	342
16.96	312	340
16.72	310	341
16.70	312	340
16.84	311	341
16.88	311	340
17.02	310	341
16.72	312	341
16.72	310	340
16.78	315	339
16.88	312	340
17.02	311	340
16.76	310	339
16.72	312	340
16.78	310	340
16.88	312	341
16.88	306	339
16.90	312	340
16.76	310	340

Data Set #7
16.72	312	338
16.90	311	340
16.76	312	340
16.76	311	340
16.88	309	340
16.72	312	340
16.72	311	342
16.94	311	342
16.76	313	341
16.88	307	340
16.90	312	340
16.70	311	341
16.76	311	340
16.82	311	340
16.88	312	340
16.82	311	340
16.94	312	342
16.70	314	340
16.72	312	340
16.84	310	339

Data Set #8
16.90	311	340
16.76	312	341
16.88	311	342
16.78	312	342
16.88	312	340
16.84	313	340
16.76	310	339
16.90	312	342
16.90	316	340
16.94	316	340
16.76	307	340
16.72	309	339
17.00	312	340
16.76	311	340
16.90	310	340
16.76	312	340
16.88	311	340
16.84	311	340
16.76	312	341
16.76	312	340

Data Set #9
21.62	248	274
21.74	248	274
21.74	249	272
21.76	252	273
21.76	256	272
21.76	254	273
21.74	249	273
21.74	248	273
21.80	256	274
21.74	256	274
21.74	254	273
21.74	248	275
21.74	248	272
21.74	254	274
21.76	254	276
21.76	256	274
21.74	256	275
21.76	252	272
21.76	251	275
21.80	256	274

Data Set #10
21.52	248	274
21.76	249	274
21.76	252	274
21.76	253	270
21.74	254	270
21.62	254	269
21.70	251	274
21.76	256	273
21.76	256	274
21.76	256	273
21.62	246	276
21.76	248	273
21.74	254	274
21.76	252	272
21.76	248	273
21.62	254	277
21.76	254	274
21.74	256	273
21.76	254	272
21.74	251	274

Data Set #11
21.52	253	276
21.74	254	274
21.74	254	272
21.74	256	276
21.74	251	274
21.62	256	274
21.76	253	273
21.74	252	272
21.76	251	272
21.74	256	277
21.74	252	273
21.76	254	268
21.74	256	269
21.74	254	272
21.74	254	273
21.58	256	274
21.74	254	274
21.74	248	272
21.76	249	272
21.74	256	273

Data Set #12
26.62	202	224
26.66	202	224
26.72	212	228
26.74	208	229
26.66	208	231
26.72	207	229
26.62	208	232
26.74	203	230
26.74	205	228
26.62	207	228
26.74	206	228
26.62	208	230
26.78	199	228
26.74	211	228
26.60	207	228
26.78	204	231
26.62	204	233
26.74	207	224
26.74	207	228
26.60	207	229

Data Set #13
26.66	201	229
26.74	204	228
26.78	204	229
26.62	204	231
26.78	203	228
26.74	208	229
26.62	207	228
26.78	203	229
26.60	200	228
26.74	203	230
26.74	201	229
26.74	212	228
26.74	207	230
26.62	203	227
26.74	204	233
26.74	198	228
26.78	203	228
26.74	205	229
26.66	208	220
26.78	211	229

Data Set #14
26.68	207	228
26.66	206	230
26.74	204	229
26.60	207	228
26.74	207	228
26.78	211	225
26.62	209	229
26.74	205	230
26.60	205	229
26.72	203	229
26.78	206	229
26.60	207	230
26.74	208	228
26.62	207	228
26.78	206	229
26.74	207	230
26.66	208	230
26.74	208	224
26.60	208	225
26.74	200	226

Data Set #15
31.30	171	192
31.60	168	196
31.48	162	194
31.60	165	197
31.48	162	200
31.60	170	193
31.48	168	192
31.48	168	194
31.58	166	192
31.48	168	194
31.58	165	188
31.48	172	193
31.60	166	192
31.46	166	192
31.48	166	192
31.60	172	192
31.46	166	194
31.60	165	193
31.48	162	193
31.46	167	192

Data Set #16
31.28	168	194
31.58	168	193
31.48	171	194
31.52	166	194
31.60	158	198
31.48	166	198
31.64	168	193
31.52	168	194
31.46	168	193
31.60	170	186
31.46	174	196
31.64	170	193
31.48	168	192
31.52	166	193
31.46	166	188
31.52	172	194
31.60	167	193
31.48	170	194
31.64	171	195
31.48	168	192

Data Set #17
31.30	168	192
31.52	171	189
31.60	169	188
31.48	171	188
31.60	167	193
31.48	168	192
31.48	166	193
31.60	172	198
31.46	166	198
31.60	172	196
31.52	171	202
31.46	166	198
31.60	167	200
31.46	166	199
31.58	166	193
31.48	169	193
31.58	167	193
31.48	175	192
31.46	172	196
31.58	169	193

Data Set #18
37.54	134	167
37.64	135	166
37.72	131	168
37.82	135	165
37.66	152	171
37.66	143	176
37.64	144	176
37.66	133	176
37.64	136	172
37.64	135	172
37.66	140	171
37.64	139	176
37.64	144	168
37.76	141	166
37.64	138	168
37.64	143	170
37.64	142	166
37.64	139	160
37.64	142	168
37.64	140	168

Data Set #19
37.52	129	169
37.70	130	167
37.60	142	166
37.64	140	161
37.66	140	172
37.78	139	171
37.66	140	171
37.66	134	176
37.64	130	175
37.66	140	171
37.64	140	168
37.60	139	168
37.60	144	162
37.64	138	167
37.66	139	166
37.70	140	171
37.76	139	170
37.60	138	160
37.76	138	167
37.66	139	166

Data Set #20
37.54	144	168
37.66	144	168
37.66	138	166
37.76	139	175
37.82	129	176
37.66	138	176
37.70	133	170
37.64	140	172
37.66	140	168
37.66	138	168
37.66	135	166
37.60	134	163
37.64	133	162
37.60	138	162
37.66	139	162
37.66	139	161
37.64	142	168
37.60	134	170
37.64	138	171
37.64	139	170

Data Set #21

Data Set #22
42.28	129	152
42.46	126	152
42.46	120	153
42.50	128	145
42.50	128	144
42.50	126	152
42.50	128	158
42.38	120	152
42.52	117	148
42.50	118	152
42.52	116	147
42.50	123	149
42.52	116	148
42.50	121	144
42.50	123	152
42.50	117	153
42.50	124	153
42.52	125	161
42.50	121	157
42.50	128	153

Data Set #23
42.16	124	152
42.50	128	152
42.50	118	158
42.50	118	156
42.46	120	157
42.50	128	147
42.52	125	148
42.38	116	148
42.50	118	150
42.52	126	148
42.52	128	144
42.52	126	146
42.50	112	149
42.50	125	153
42.46	127	148
42.50	116	148
42.50	121	143
42.50	124	144
42.50	128	144
42.38	128	152

Data Set #24
42.16	116	156
42.46	116	158
42.50	116	156
42.50	117	158
42.50	120	157
42.50	120	152
42.50	128	144
42.34	128	142
42.50	120	152
42.50	124	153
42.50	125	152
42.50	120	154
42.46	118	150
42.52	116	147
42.50	120	143
42.46	117	144
42.50	124	144
42.52	115	146
42.50	116	148
42.46	116	156

Data Set #25
47.32	99	139
47.36	112	131
47.50	107	134
47.48	106	133
47.50	110	138
47.50	105	136
47.54	96	135
47.18	98	136
47.26	104	129
47.50	104	133
47.50	104	129
47.50	104	128
47.50	104	128
47.50	97	138
47.38	96	139
47.50	93	138
47.38	94	144
47.48	96	144
47.36	93	139
47.20	104	143

Data Set #26
47.30	98	129
47.50	112	138
47.50	102	138
47.36	104	144
47.38	106	144
47.20	103	144
47.32	92	144
47.36	107	134
47.42	111	133
47.50	112	131
47.50	112	139
47.50	112	138
47.26	108	135
47.38	106	133
47.38	110	138
47.38	109	137
47.38	108	133
47.50	104	133
47.54	103	130
47.48	104	129

Data Set #27
46.88	114	132
47.50	112	135
47.36	112	133
47.26	112	138
47.36	108	133
47.36	105	133
47.20	112	134
47.32	112	140
47.38	109	128
47.24	102	131
47.32	102	136
47.36	108	134
47.38	109	132
47.42	104	128
47.36	102	134
47.36	113	129
47.36	107	128
47.30	95	139
47.50	100	147
47.50	97	148

Data Set #28
51.92	99	128
52.30	98	126
52.22	101	126
52.22	105	120
52.22	101	120
52.34	103	128
52.34	114	128
52.34	112	132
52.36	103	126
52.22	92	126
52.18	84	127
52.22	89	120
52.22	96	120
52.22	92	128
52.34	90	126
52.22	80	133
52.22	80	128
52.24	84	129
52.36	84	132
52.36	84	126

Data Set #29
52.06	105	129
52.30	98	135
52.18	100	126
52.34	105	129
52.24	99	129
52.22	108	126
52.40	110	131
52.34	102	129
52.34	112	118
52.22	109	129
52.22	104	128
52.30	104	120
52.22	109	128
52.18	104	126
52.18	95	126
52.30	96	129
52.22	88	124
52.36	104	120
52.22	95	128
52.34	94	130

Data Set #30
51.98	108	126
52.34	108	126
52.36	96	124
52.22	100	130
52.22	97	126
52.22	96	128
52.36	96	121
52.22	96	126
52.22	98	126
52.34	94	126
52.18	92	134
52.24	78	136
52.34	80	139
52.30	80	128
52.24	88	128
52.30	98	124
52.28	104	122
52.22	93	122
52.22	88	116
52.18	88	126

Data Set #31
57.10	84	116
57.38	80	117
57.50	80	116
57.40	83	103
57.40	72	106
57.52	74	104
57.40	69	106
57.38	70	116
57.40	68	112
57.38	64	112
57.38	65	123
57.50	69	116
57.40	61	120
57.38	60	128
57.56	68	128
57.40	72	118
57.38	72	127
57.34	85	120
57.40	85	119
57.50	85	116

Data Set #32
57.08	84	112
57.38	80	119
57.44	88	116
57.52	88	123
57.38	80	114
57.38	84	117
57.38	82	123
57.38	73	117
57.44	85	114
57.38	81	120
57.38	80	117
57.50	87	117
57.38	85	104
57.50	80	102
57.38	68	107
57.34	71	120
57.38	72	118
57.40	62	116
57.34	66	115
57.38	69	116

Data Set #33
57.20	59	121
57.40	65	120
57.38	64	112
57.44	63	128
57.40	55	120
57.46	73	123
57.38	76	107
57.38	80	106
57.38	84	117
57.38	89	121
57.34	86	120
57.40	86	112
57.38	87	112
57.34	80	114
57.38	88	112
57.40	92	116
57.50	84	115
57.50	80	114
57.38	80	116
Not a valid command

Data Set #34
62.08	74	112
62.38	80	112
62.38	70	103
62.38	68	108
62.38	64	107
62.38	76	92
62.38	74	97
62.38	73	98
62.38	52	112
62.42	52	112
62.36	45	113
62.36	63	121
62.36	59	104
62.26	68	98
62.42	73	97
62.38	75	94
62.42	64	98
62.38	65	97
62.38	60	103
62.38	64	115

Data Set #35
62.12	80	106
62.38	74	102
62.38	68	102
62.38	72	96
62.26	79	96
62.38	74	96
62.38	72	109
62.38	68	112
62.42	55	112
62.42	60	121
62.38	64	112
62.38	74	106
62.38	68	107
62.38	69	96
62.26	69	112
62.38	73	112
62.38	73	98
62.24	80	98
62.42	68	98
62.42	68	92

Data Set #36
62.08	70	114
62.38	68	112
62.38	74	104
62.36	80	100
62.26	78	104
62.38	73	116
62.38	75	107
62.42	80	102
62.38	80	93
62.38	74	96
62.38	77	111
62.38	64	116
62.36	65	115
62.38	68	113
62.42	80	108
62.36	84	108
62.38	85	107
62.24	80	99
62.38	84	112
62.42	87	112

Data Set #37
66.86	76	103
67.34	67	101
67.36	68	97
67.40	73	84
67.40	64	90
67.40	65	94
67.40	56	96
67.24	54	98
67.36	50	102
67.42	55	112
67.40	57	108
67.40	56	109
67.40	60	98
67.40	68	98
67.40	64	98
67.40	64	107
67.42	68	108
67.36	68	105
67.28	73	98
67.28	84	98

Data Set #38
66.88	64	98
67.30	67	96
67.40	65	100
67.40	64	95
67.40	71	95
67.24	70	89
67.28	69	97
67.36	64	97
67.42	64	107
67.42	48	114
67.28	60	103
67.28	64	102
67.36	80	92
67.40	84	104
67.40	81	101
67.40	76	102
67.40	84	112
67.40	80	97
67.36	80	97
67.28	80	104

Data Set #39
67.00	72	101
67.40	76	94
67.36	74	94
67.40	73	94
67.28	78	104
67.36	74	107
67.40	52	112
67.42	54	110
67.24	72	102
67.42	72	103
67.36	64	98
67.42	75	98
67.28	80	98
67.28	80	96
67.40	68	97
67.40	65	93
67.36	65	93
67.40	67	104
67.22	60	102
67.42	60	107

Data Set #40
72.14	40	108
72.52	56	106
72.44	73	104
72.56	73	71
72.40	60	80
72.44	56	79
72.44	58	111
72.56	64	97
72.44	55	98
72.58	55	112
72.52	55	104
72.56	55	103
72.40	64	128
72.44	56	107
72.56	64	101
72.46	68	100
72.40	64	88
72.52	71	94
72.44	70	84
72.52	70	88

Data Set #41
72.14	72	102
72.44	70	102
72.56	81	97
72.40	74	91
72.44	73	106
72.58	76	104
72.40	80	99
72.56	80	109
72.40	80	94
72.52	86	96
72.56	71	104
72.56	69	97
72.44	65	96
72.40	68	94
72.56	70	84
72.56	78	85
72.40	62	88
72.44	64	117
72.56	50	96
72.40	60	104

Data Set #42
72.14	64	99
72.58	73	97
72.40	90	103
72.58	88	110
72.40	65	102
72.56	69	103
72.44	72	93
72.56	64	96
72.52	44	97
72.44	49	98
72.44	45	98
72.44	52	100
72.44	47	99
72.40	44	88
72.58	62	85
72.44	60	104
72.56	60	113
72.40	51	98
72.44	48	99
72.52	64	112

Data Set #43
143.66	2	106
144.28	7	114
144.16	4	100
144.32	7	89
144.28	4	83
144.16	8	98
144.32	1	112
145.34	4	102
145.30	6	109
145.34	5	108
145.30	4	104
144.32	8	113
144.34	8	106
144.34	6	112
144.28	0	117
144.34	7	112
144.32	4	116
144.34	4	126
144.32	3	112
144.32	5	104

Data Set #44
143.66	4	117
144.32	9	120
144.34	7	128
144.34	6	119
144.20	5	114
144.32	9	107
144.34	4	103
145.30	4	103
145.34	7	96
145.34	0	92
145.34	5	102
145.34	11	113
144.32	11	107
144.32	7	112
144.32	7	106
144.28	6	109
144.32	0	109
144.34	7	104
144.32	4	102
144.28	4	112

Data Set #45
87.82	12	107
90.62	8	113
93.52	8	112
98.48	8	107
98.60	3	114
144.34	4	113
99.52	6	107
100.52	7	108
99.68	10	112
100.48	14	118
101.50	4	116
104.50	8	126
104.50	13	112
112.52	10	104
104.50	9	103
103.52	8	103
100.48	8	102
100.48	0	99
120.40	12	86
101.50	13	82
